1;2;0;16;16;5;5;61;61;538;538;91;91;12;12;1;1;1;1;1;1;3;3
2;2;2;2;2;2;2;2;2;2;2;2;2;2;2;2;2;2;2;2;2;2;2
3;1;1;0;0;0;0;0;0;0;0;0;0;0;0;0;0;0;0;0;0;0;0
6;1;1;0;0;0;0;0;0;0;0;0;0;0;0;0;0;0;0;0;0;0;0
7;0;1;0;0;0;0;0;0;0;0;0;0;0;0;0;0;0;0;0;0;0;0
11;2;2;0;0;0;0;0;0;0;0;0;0;0;0;0;0;0;0;0;0;0;0
10;1;0;0;0;0;0;0;0;0;0;0;0;0;0;0;0;0;0;0;0;0;0
12;5;1;0;0;0;0;0;0;0;0;0;0;0;0;0;0;0;0;0;0;0;0
5;1;1;0;0;0;0;0;0;0;0;0;0;0;0;0;0;0;0;0;0;0;0
4;4;1;0;0;0;0;0;0;0;0;0;0;0;0;0;0;0;0;0;0;0;0
8;2;0;0;0;0;0;0;0;0;0;0;0;0;0;0;0;0;0;0;0;0;0
9;7;1;0;0;0;0;0;0;0;0;0;0;0;0;0;0;0;0;0;0;0;0
13;3;0;0;0;0;0;0;0;0;0;0;0;0;0;0;0;0;0;0;0;0;0
14;1;3;0;0;0;0;0;0;0;0;0;0;0;0;0;0;0;0;0;0;0;0
15;3;0;0;0;0;0;0;0;0;0;0;0;0;0;0;0;0;0;0;0;0;0
16;2;0;0;0;0;0;0;0;0;0;0;0;0;0;0;0;0;0;0;0;0;0
18;2;1;0;0;0;0;0;0;0;0;0;0;0;0;0;0;0;0;0;0;0;0
17;1;0;0;0;0;0;0;0;0;0;0;0;0;0;0;0;0;0;0;0;0;0
19;0;3;0;0;0;0;0;0;0;0;0;0;0;0;0;0;0;0;0;0;0;0
20;2;0;0;0;0;0;0;0;0;0;0;0;0;0;0;0;0;0;0;0;0;0
21;5;0;0;0;0;0;0;0;0;0;0;0;0;0;0;0;0;0;0;0;0;0
22;1;1;0;0;0;0;0;0;0;0;0;0;0;0;0;0;0;0;0;0;0;0
23;3;0;0;0;0;0;0;0;0;0;0;0;0;0;0;0;0;0;0;0;0;0
24;3;0;0;0;0;0;0;0;0;0;0;0;0;0;0;0;0;0;0;0;0;0
25;5;0;0;0;0;0;0;0;0;0;0;0;0;0;0;0;0;0;0;0;0;0
26;2;1;0;0;0;0;0;0;0;0;0;0;0;0;0;0;0;0;0;0;0;0
27;2;0;0;0;0;0;0;0;0;0;0;0;0;0;0;0;0;0;0;0;0;0
28;1;2;0;0;0;0;0;0;0;0;0;0;0;0;0;0;0;0;0;0;0;0
29;2;2;0;0;0;0;0;0;0;0;0;0;0;0;0;0;0;0;0;0;0;0
30;4;0;0;0;0;0;0;0;0;0;0;0;0;0;0;0;0;0;0;0;0;0
31;1;2;0;0;0;0;0;0;0;0;0;0;0;0;0;0;0;0;0;0;0;0
32;3;0;0;0;0;0;0;0;0;0;0;0;0;0;0;0;0;0;0;0;0;0
33;1;3;0;0;0;0;0;0;0;0;0;0;0;0;0;0;0;0;0;0;0;0
34;2;1;0;0;0;0;0;0;0;0;0;0;0;0;0;0;0;0;0;0;0;0
35;2;1;0;0;0;0;0;0;0;0;0;0;0;0;0;0;0;0;0;0;0;0
36;2;0;0;0;0;0;0;0;0;0;0;0;0;0;0;0;0;0;0;0;0;0
37;3;0;0;0;0;0;0;0;0;0;0;0;0;0;0;0;0;0;0;0;0;0
38;3;0;0;0;0;0;0;0;0;0;0;0;0;0;0;0;0;0;0;0;0;0
39;2;0;0;0;0;0;0;0;0;0;0;0;0;0;0;0;0;0;0;0;0;0
40;0;1;0;0;0;0;0;0;0;0;0;0;0;0;0;0;0;0;0;0;0;0
72;0;3;0;0;0;0;0;0;0;0;0;0;0;0;0;0;0;0;0;0;0;0
67;0;1;0;0;0;0;0;0;0;0;0;0;0;0;0;0;0;0;0;0;0;0
68;0;2;0;0;0;0;0;0;0;0;0;0;0;0;0;0;0;0;0;0;0;0
65;0;2;0;0;0;0;0;0;0;0;0;0;0;0;0;0;0;0;0;0;0;0
41;3;0;0;0;0;0;0;0;0;0;0;0;0;0;0;0;0;0;0;0;0;0
42;6;0;0;0;0;0;0;0;0;0;0;0;0;0;0;0;0;0;0;0;0;0
43;10;0;0;0;0;0;0;0;0;0;0;0;0;0;0;0;0;0;0;0;0;0
71;3;0;0;0;0;0;0;0;0;0;0;0;0;0;0;0;0;0;0;0;0;0
69;0;3;0;0;0;0;0;0;0;0;0;0;0;0;0;0;0;0;0;0;0;0
44;0;2;0;0;0;0;0;0;0;0;0;0;0;0;0;0;0;0;0;0;0;0
45;4;1;0;0;0;0;0;0;0;0;0;0;0;0;0;0;0;0;0;0;0;0
46;2;0;0;0;0;0;0;0;0;0;0;0;0;0;0;0;0;0;0;0;0;0
70;1;0;0;0;0;0;0;0;0;0;0;0;0;0;0;0;0;0;0;0;0;0
66;0;2;0;0;0;0;0;0;0;0;0;0;0;0;0;0;0;0;0;0;0;0
64;1;0;0;0;0;0;0;0;0;0;0;0;0;0;0;0;0;0;0;0;0;0
59;3;0;0;0;0;0;0;0;0;0;0;0;0;0;0;0;0;0;0;0;0;0
47;0;2;0;0;0;0;0;0;0;0;0;0;0;0;0;0;0;0;0;0;0;0
63;3;0;0;0;0;0;0;0;0;0;0;0;0;0;0;0;0;0;0;0;0;0
62;1;0;0;0;0;0;0;0;0;0;0;0;0;0;0;0;0;0;0;0;0;0
51;0;2;0;0;0;0;0;0;0;0;0;0;0;0;0;0;0;0;0;0;0;0
52;3;0;0;0;0;0;0;0;0;0;0;0;0;0;0;0;0;0;0;0;0;0
53;3;0;0;0;0;0;0;0;0;0;0;0;0;0;0;0;0;0;0;0;0;0
61;1;2;0;0;0;0;0;0;0;0;0;0;0;0;0;0;0;0;0;0;0;0
48;2;0;0;0;0;0;0;0;0;0;0;0;0;0;0;0;0;0;0;0;0;0
60;2;0;0;0;0;0;0;0;0;0;0;0;0;0;0;0;0;0;0;0;0;0
58;0;2;0;0;0;0;0;0;0;0;0;0;0;0;0;0;0;0;0;0;0;0
57;0;3;0;0;0;0;0;0;0;0;0;0;0;0;0;0;0;0;0;0;0;0
56;0;1;0;0;0;0;0;0;0;0;0;0;0;0;0;0;0;0;0;0;0;0
49;0;3;0;0;0;0;0;0;0;0;0;0;0;0;0;0;0;0;0;0;0;0
55;2;0;0;0;0;0;0;0;0;0;0;0;0;0;0;0;0;0;0;0;0;0
50;2;0;0;0;0;0;0;0;0;0;0;0;0;0;0;0;0;0;0;0;0;0
54;0;2;0;0;0;0;0;0;0;0;0;0;0;0;0;0;0;0;0;0;0;0
73;5;0;0;0;0;0;0;0;0;0;0;0;0;0;0;0;0;0;0;0;0;0
74;6;0;0;0;0;0;0;0;0;0;0;0;0;0;0;0;0;0;0;0;0;0
75;1;0;0;0;0;0;0;0;0;0;0;0;0;0;0;0;0;0;0;0;0;0
76;1;2;0;0;0;0;0;0;0;0;0;0;0;0;0;0;0;0;0;0;0;0
77;2;3;0;0;0;0;0;0;0;0;0;0;0;0;0;0;0;0;0;0;0;0
78;2;0;0;0;0;0;0;0;0;0;0;0;0;0;0;0;0;0;0;0;0;0
79;2;1;0;0;0;0;0;0;0;0;0;0;0;0;0;0;0;0;0;0;0;0
80;1;0;0;0;0;0;0;0;0;0;0;0;0;0;0;0;0;0;0;0;0;0
81;2;1;0;0;0;0;0;0;0;0;0;0;0;0;0;0;0;0;0;0;0;0
82;0;3;0;0;0;0;0;0;0;0;0;0;0;0;0;0;0;0;0;0;0;0
83;1;0;0;0;0;0;0;0;0;0;0;0;0;0;0;0;0;0;0;0;0;0
84;3;2;0;0;0;0;0;0;0;0;0;0;0;0;0;0;0;0;0;0;0;0
85;5;4;0;0;0;0;0;0;0;0;0;0;0;0;0;0;0;0;0;0;0;0
86;2;0;0;0;0;0;0;0;0;0;0;0;0;0;0;0;0;0;0;0;0;0
87;1;4;0;0;0;0;0;0;0;0;0;0;0;0;0;0;0;0;0;0;0;0
88;2;0;0;0;0;0;0;0;0;0;0;0;0;0;0;0;0;0;0;0;0;0
89;2;3;0;0;0;0;0;0;0;0;0;0;0;0;0;0;0;0;0;0;0;0
90;0;3;0;0;0;0;0;0;0;0;0;0;0;0;0;0;0;0;0;0;0;0
91;2;1;0;0;0;0;0;0;0;0;0;0;0;0;0;0;0;0;0;0;0;0
92;1;0;0;0;0;0;0;0;0;0;0;0;0;0;0;0;0;0;0;0;0;0
93;2;1;0;0;0;0;0;0;0;0;0;0;0;0;0;0;0;0;0;0;0;0
94;2;0;0;0;0;0;0;0;0;0;0;0;0;0;0;0;0;0;0;0;0;0
95;3;0;0;0;0;0;0;0;0;0;0;0;0;0;0;0;0;0;0;0;0;0
96;2;1;0;0;0;0;0;0;0;0;0;0;0;0;0;0;0;0;0;0;0;0
97;1;2;0;0;0;0;0;0;0;0;0;0;0;0;0;0;0;0;0;0;0;0
98;2;0;0;0;0;0;0;0;0;0;0;0;0;0;0;0;0;0;0;0;0;0
99;0;1;0;0;0;0;0;0;0;0;0;0;0;0;0;0;0;0;0;0;0;0
100;3;0;0;0;0;0;0;0;0;0;0;0;0;0;0;0;0;0;0;0;0;0
101;2;0;0;0;0;0;0;0;0;0;0;0;0;0;0;0;0;0;0;0;0;0
102;4;0;0;0;0;0;0;0;0;0;0;0;0;0;0;0;0;0;0;0;0;0
103;2;3;12;17;8;10;47;53;247;322;88;91;8;9;3;2;0;0;5;3;7;8
